4370.86,33891.42,192.81,13391.05
9556.43,8786.30,912.30,10564.69
7587.95,12273.29,554.73,10891.42
6387.93,45434.94,843.81,18000.30
2404.17,32289.31,388.04,11254.65
2403.95,5413.87,905.97,2162.34
1522.75,9566.22,450.28,8765.85
8795.59,34857.58,109.75,18892.77
6410.04,5227.77,914.84,6665.22
7372.65,12236.36,182.16,11131.63
1185.26,29693.02,387.38,10339.20
9729.19,36135.28,955.06,20106.10
8491.98,34338.26,955.55,20022.31
2911.05,15092.12,616.09,9264.28
2636.42,37048.06,668.65,13066.39
2650.64,15676.21,503.60,6493.80
3738.18,19642.99,363.89,9155.02
5722.81,38592.11,395.80,12577.44
4887.51,34233.48,705.27,12241.18
3621.06,43215.05,777.14,19614.80
6506.68,34592.58,812.42,20202.63
2255.44,30573.89,810.66,11434.65
3629.30,9215.36,182.09,7543.93
4297.26,21547.21,544.98,11481.62
5104.63,16934.11,151.80,16158.17
8066.58,15979.53,594.58,14934.26
2797.06,48785.47,497.38,17444.38
5628.11,22689.40,898.93,10664.45
6331.73,45142.09,415.82,16503.94
1418.05,33401.24,205.36,12184.53
6467.90,40766.51,228.69,16924.26
2534.72,27618.67,785.36,8425.79
1585.46,30960.67,656.40,10116.76
9539.97,27163.30,191.01,15123.48
9690.69,13785.93,175.70,16789.56
8275.58,37510.35,730.87,21187.13
3741.52,17634.76,165.49,8990.43
1879.05,6094.22,839.67,7246.54
7158.10,34046.25,735.62,17475.28
4961.37,12969.98,173.21,6970.28
2098.34,47320.64,176.35,19553.32
5456.59,47926.79,987.98,21112.86
1309.50,46168.90,436.84,13559.34
9183.88,21657.14,433.58,15023.80
3329.02,5695.55,831.52,3647.23
6962.70,46774.34,952.52,18297.92
3805.40,24268.29,987.40,13315.67
5680.61,48499.47,778.04,24124.88
5920.39,48362.90,438.63,17517.88
2663.69,43385.43,175.15,16931.05
9726.26,18250.20,799.43,13800.50
7976.20,22329.40,602.56,13543.00
9455.49,43301.15,481.80,21004.91
9053.45,19261.49,915.72,13070.73
6381.10,12627.17,200.08,9997.30
9296.87,30056.06,543.36,16428.41
1796.43,47126.96,110.22,16703.53
2763.85,36321.34,521.79,13844.29
1407.05,30652.75,150.67,10438.70
3927.97,9372.94,206.94,4896.89
4498.10,32675.33,205.77,13052.75
3442.14,49552.42,684.29,20090.85
8458.64,11303.78,771.44,12761.08
4210.78,28324.83,625.03,10900.79
3528.41,44481.79,965.96,17473.40
5884.26,38334.59,437.38,18775.50
2268.32,36365.71,357.14,10115.58
8219.77,36611.78,881.74,20262.59
1670.96,21177.10,301.24,7043.19
9881.98,18211.63,966.90,16470.26
7950.20,41421.25,110.94,18447.55
2788.44,41455.10,972.89,12121.72
1049.70,44018.25,138.84,11370.59
8339.15,46095.82,902.03,22242.67
7361.72,28010.41,574.93,16141.35
7561.06,27568.23,993.67,14079.22
7941.43,40923.28,166.42,21121.19
1666.40,34248.38,598.47,9111.60
4226.19,36588.51,972.37,15390.14
2042.82,40810.67,570.79,12282.55
8767.93,45050.24,666.46,20827.74
6609.68,20209.78,726.17,12745.44
3978.08,21901.23,509.09,8944.80
1572.03,9229.19,664.80,4114.38
3798.84,31022.61,625.88,15315.69
3926.65,6617.40,911.04,5082.46
7566.46,25951.91,140.90,16653.09
6738.02,29419.01,352.87,13087.14
8984.91,17894.36,955.37,15400.82
5249.93,31587.50,901.24,17785.57
2076.35,6372.51,510.09,1000.00
7419.20,6680.67,658.12,7725.28
7847.07,42017.03,349.64,21327.49
6051.49,21208.58,269.31,11798.54
7938.70,10717.72,517.33,11697.47
5444.16,28500.95,418.02,12703.04
5704.60,39649.71,625.29,17769.84
4847.87,14711.95,169.96,8800.52
1228.77,33030.07,976.96,14231.18
1971.02,8840.64,987.59,5770.49
1282.86,7325.68,728.35,4779.83
6727.69,28910.96,582.49,14475.55
3829.20,29328.58,378.57,11722.64
5577.14,33684.35,832.42,14929.15
9168.10,37674.11,716.26,21124.29
3243.63,48913.34,246.36,17155.33
4693.45,28233.52,919.83,13984.56
7799.96,19533.04,840.28,17779.22
3059.18,40783.38,954.82,17495.61
1692.82,17187.45,753.15,6763.67
3607.76,24753.71,652.07,13670.95
2450.99,8530.54,476.42,4502.09
9367.28,6140.78,939.46,7107.00
8273.08,48319.18,879.46,20722.22
6700.63,42619.11,140.70,15423.99
8843.15,36318.84,123.73,18611.02
8233.05,23402.88,438.82,15041.38
2679.13,12798.24,829.50,10322.18
9033.03,12039.67,988.55,13302.41
5854.08,16260.93,235.38,10083.73
8266.96,29715.20,634.72,18687.73
9064.82,37156.82,442.80,15519.74
3862.03,34708.88,972.92,15109.13
1990.47,17597.03,857.91,9381.78
3051.42,47968.94,854.50,14895.00
4843.97,38205.36,521.82,18619.84
8362.13,29945.93,473.34,17786.40
8746.58,32527.43,346.07,17362.97
1062.57,23882.00,150.74,9866.88
5596.73,16147.89,878.25,15115.49
4756.70,21018.77,831.61,11616.79
2998.97,39103.07,999.75,15716.35
2078.79,5647.71,996.97,3480.32
4038.54,10223.27,599.89,5561.16
9486.19,7070.12,792.09,13166.58
3908.83,6832.80,950.29,4592.67
5669.12,43495.73,864.68,18980.87
7327.17,36664.60,322.61,17103.98
4272.67,26337.82,505.49,13212.74
9746.04,9402.54,216.24,12842.89
9662.03,27122.71,958.65,19854.39
3266.04,26306.23,645.56,10414.12
5475.24,12794.08,305.78,8631.34
3707.90,24523.32,704.53,9355.54
3563.56,22932.71,656.32,9797.23
1331.98,32713.25,422.35,12363.08
6486.08,33579.21,202.20,17798.40
5524.11,7038.68,704.42,5843.93
1463.31,21857.57,568.28,10272.68
3507.82,33163.70,795.09,16487.23
9174.39,27641.13,568.15,18084.49
3156.06,43542.04,866.96,20374.14
2304.05,34641.21,596.72,11539.47
5405.07,12332.05,604.84,6628.94
9870.85,8175.59,888.99,8710.75
3178.50,33908.87,463.13,16540.14
7049.22,6193.01,220.61,9913.23
7854.58,31359.90,125.90,16760.36
3138.74,47310.36,779.62,18252.36
7553.95,30896.34,658.28,14460.84
4310.05,22467.65,733.67,16132.44
6690.75,33947.97,291.67,16888.93
6701.77,25621.38,222.73,14327.12
5821.97,29552.76,113.09,15870.44
1812.61,47365.92,415.53,17362.50
8517.72,22374.62,630.93,15515.31
3887.02,48253.58,453.02,16882.34
2678.67,45740.78,493.73,17626.72
1366.98,13810.60,913.74,9976.37
6318.04,8121.26,413.43,11287.54
7098.08,9535.01,562.59,13010.46
1149.29,5819.98,805.29,2558.85
5608.84,9249.93,456.89,6325.88
3038.46,35735.30,659.88,13822.05
6806.56,8203.49,876.13,9419.10
2569.30,19353.90,954.57,11093.29
7218.44,43019.39,232.37,16432.88
4480.62,6047.24,933.93,9625.49
9430.57,41651.08,542.90,21384.57
2237.69,17683.46,332.42,6957.71
4069.60,10317.42,513.22,5248.92
2021.26,36353.17,982.03,10245.12
9322.24,33302.43,543.36,20735.58
8896.05,44486.24,395.88,22098.69
3321.47,38078.20,670.06,12446.07
6939.86,41156.64,316.13,16448.40
8355.00,17691.56,168.28,12602.10
5996.81,12984.78,215.99,12998.54
5766.86,38777.66,215.24,16667.79
3176.67,41307.56,236.71,12646.59
1837.92,49572.73,224.94,16496.93
9074.94,23567.80,676.79,15446.78
9103.76,21740.81,263.69,9872.11
6697.91,39938.58,411.10,18385.49
4051.27,20336.16,907.11,9997.68
4142.89,46884.08,526.57,19706.86
7533.60,43628.57,700.80,24231.32
9073.99,24304.73,255.09,18254.66
8983.78,38789.20,273.06,19729.62
8018.88,38954.43,136.78,17099.80
